 42500 642  518   50 GODTHAB/NUUK         GREENLAND     17842013
1784 -999 -999 -999 -999 -999 -999 -999 -999    5  -35  -83  -32
1785 -126 -125  -40  -58   -4   28   67   77   25    0  -59  -77
1786  -82  -76  -51    8   30   49   86   70   27   -4   31  -61
1787 -112 -109  -95  -13   17   74 -999 -999 -999 -999 -999 -999
1788 -999 -999 -999 -999 -999 -999 -999 -999 -999 -999  -33   -6
1789  -50 -113  -61  -26   11   59   87   59   37  -11  -14  -92
1790 -104 -105 -101  -35    1   40   71   83   25  -10  -40 -107
1791 -182 -108 -117   -5  -23   45   65   59   57   -6  -45  -80
1792  -97  -85  -92  -26    6   30 -999 -999 -999 -999 -999 -999
1793 -999 -999 -999 -999 -999 -999 -999 -999 -999 -999 -999 -999
1794 -999 -999 -999 -999 -999 -999 -999 -999 -999 -999 -999 -999
1795 -999 -999 -999 -999 -999 -999 -999 -999 -999 -999 -999 -999
1796 -999 -999 -999 -999 -999 -999 -999 -999 -999  -45  -36  -54
1797  -99 -134 -101  -82   12   38   70   65   29    0  -27  -71
1798 -126 -103  -43  -57    2   29   56   49   13  -21  -45  -88
1799 -115  -72 -118  -52    2   24 -999 -999   27  -19  -67  -22
1800  -76 -106  -63  -66   17   49   56   60   14   -7  -54  -81
1801 -121  -83  -92  -70  -28   13   62   60   14  -13  -52  -58
1802  -87 -145 -139  -91   -7 -999 -999 -999 -999 -999 -999 -999
1803 -999 -999 -999 -999 -999 -999 -999 -999 -999 -999 -999 -999
1804 -999 -999 -999 -999 -999 -999 -999 -999 -999 -999 -999 -999
1805 -999 -999 -999 -999 -999 -999 -999 -999 -999 -999 -999 -999
1806 -999 -999 -999 -999 -999 -999 -999 -999 -999 -999  -62 -119
1807  -57 -109  -10  -39 -999 -999 -999 -999 -999 -999 -999 -999
1808 -999 -999 -999 -999 -999 -999 -999   61  -24  -30  -61  -59
1809  -47  -99  -61  -35 -999 -999 -999 -999 -999  -24  -34 -120
1810 -103 -122  -83  -75   -2   27   66 -999 -999 -999 -999 -999
1811 -137 -117 -167  -52    0   19   38   35   11  -51 -115  -59
1812  -74 -136  -76  -37   17   35   54   54    4  -38  -39  -48
1813 -125 -115 -173  -56 -999 -999 -999 -999 -999 -999 -999 -999
1814 -999 -999 -999 -999 -999 -999 -999 -999 -999 -999 -999 -999
1815 -999 -999 -999 -999 -999 -999 -999 -999 -999 -999 -999 -999
1816 -109  -69  -87  -33  -14   21   52   37   19  -15  -54 -168
1817 -131 -139 -145  -59  -19   24   31   45   14  -34  -62 -104
1818 -180 -172 -143  -26  -14   23   58   50   11  -38  -80  -87
1819 -145  -97  -97  -45  -14   21   42   20   -9    9  -38  -42
1820  -58 -107  -88  -85   10   42   39   29   10  -14  -35  -67
1821 -110 -102  -76  -45   -3   42 -999 -999 -999 -999 -999 -999
1822 -999 -999 -999 -999 -999 -999 -999 -999 -999 -999 -999 -999
1823 -999 -999 -999 -999 -999 -999 -999 -999 -999 -999 -999 -999
1824 -999 -999 -999 -999 -999 -999 -999 -999 -999 -999 -999 -999
1825 -999 -999 -999 -999 -999 -999 -999 -999 -999 -999 -999 -999
1826 -999 -999 -999 -999 -999 -999 -999 -999 -999 -999 -999 -999
1827 -999 -999 -999 -999 -999 -999 -999 -999 -999 -999 -999 -999
1828 -999 -999 -999 -999 -999 -999 -999 -999 -999 -999 -999 -999
1829 -999 -999 -999 -999 -999 -999 -999 -999 -999 -999 -999 -999
1830 -999 -999 -999 -999 -999 -999 -999 -999 -999 -999  -62  -60
1831  -39  -71  -85  -21   17 -999 -999 -999 -999 -999  -33  -56
1832 -103 -131 -157  -24    2 -999 -999 -999 -999 -999 -999 -999
1833 -999 -999 -999 -999 -999 -999 -999 -999 -999 -999 -999 -999
1834 -999 -999 -999 -999 -999 -999 -999 -999 -999 -999 -999 -999
1835 -999 -999 -999 -999 -999 -999 -999 -999 -999 -999 -999 -999
1836 -999 -999 -999 -999 -999 -999 -999 -999 -999 -999 -999 -999
1837 -999 -999 -999 -999 -999 -999 -999 -999 -999 -999 -999 -999
1838 -999 -999 -999 -999 -999 -999 -999 -999 -999 -999 -999 -999
1839 -999 -999 -999 -999 -999 -999 -999 -999 -999 -999 -999 -999
1840 -999 -999 -999 -999 -999 -999 -999 -999 -999 -999 -999 -999
1841 -999 -999 -999 -999 -999 -999 -999 -999   24  -11  -58  -79
1842  -96 -121 -107  -39   21   37   60   52   38   12  -58  -98
1843 -110  -47  -33  -31   12   47   69   57   39    8  -91 -131
1844 -111 -102 -100  -97  -20 -999   61   65   28  -12  -68  -82
1845  -90 -100  -44  -28    0   37   79   74   33  -22  -43  -89
1846  -82  -65  -64  -33    5 -999 -999 -999 -999 -999 -999 -999
1847 -999 -999 -999 -999 -999 -999 -999 -999 -999   -4  -92 -136
1848 -112  -98  -62  -16 -999 -999 -999 -999 -999   -5   -1 -150
1849 -119 -126  -90  -25 -999 -999 -999 -999 -999 -999 -999 -999
1850 -999 -999 -999 -999 -999 -999 -999 -999 -999 -999 -999 -999
1851 -999 -999 -999 -999 -999 -999 -999 -999 -999 -999 -999 -999
1852 -999 -999 -999 -999 -999 -999 -999 -999 -999 -999 -999 -999
1853 -999 -999 -999 -999 -999 -999 -999 -999 -999 -999 -999 -999
1854 -999 -999 -999 -999 -999 -999 -999 -999 -999 -999 -999 -999
1855 -999 -999 -999 -999 -999 -999 -999 -999 -999 -999  -39  -45
1856  -61  -28  -35  -30 -999 -999 -999 -999 -999 -999 -999 -999
1857 -999 -999 -999 -999 -999 -999 -999 -999 -999 -999 -999 -999
1858 -999 -999 -999 -999 -999 -999 -999 -999 -999 -999 -999  -99
1859 -127 -101  -82  -13 -999 -999 -999 -999 -999 -999 -999 -999
1860 -999 -999 -999 -999 -999 -999 -999 -999 -999 -999 -999 -999
1861 -999 -999 -999 -999 -999 -999 -999 -999 -999 -999 -999 -999
1862 -999 -999 -999 -999 -999 -999 -999 -999 -999 -999 -999 -999
1863 -999 -999 -999 -999 -999 -999 -999 -999 -999 -999 -999 -999
1864 -999 -999 -999 -999 -999 -999 -999 -999 -999 -999 -999 -999
1865 -999 -999 -999 -999 -999 -999 -999 -999 -999 -999 -999 -999
1866 -144 -128  -80  -45   19   36   56   51   12  -57  -65 -104
1867  -57 -125  -71  -40    9   35   61   55   16  -18  -24  -74
1868  -93 -158 -117  -29    9   18   45   52   22  -40  -51  -85
1869 -121 -142  -56  -60   25   49   62   54   26    7  -46  -96
1870 -100  -75  -90  -70    3   30   60   74   12  -23    2  -37
1871 -107  -66 -114  -27   17   53   67   67   38   -5   -4  -40
1872  -71  -44  -50  -14   17   43   72   79   51    1  -40  -67
1873 -121  -76  -98  -24   26   37   74   56   24  -21  -32  -96
1874 -131  -86  -78  -46   19   36   60   58   25  -32  -36  -48
1875  -66  -80 -121  -23   -8   30   63   54   33   -6  -13  -61
1876 -111  -92  -75  -31    7   42   59   61   38    0  -35  -46
1877 -145  -96  -68  -30   18   47   61   77   55  -14  -58  -85
1878  -77  -73  -61  -33    7   44   73   59   20  -16   14   -9
1879  -65  -86  -92  -10    6   38   59   67   11   -9  -30 -103
1880 -119 -142  -87  -38   -1   43   75   62   33   27  -40  -64
1881  -27  -79  -66    1   18   40   49   47   18  -18  -50  -96
1882 -151 -117 -127  -51    5   40   56   46   25  -34  -59  -82
1883 -103 -156  -62  -58    0   21   61   50   29  -32  -59 -143
1884 -144 -167 -136  -36   -2   21   54   37   14  -36  -57 -104
1885  -73  -92  -63  -49    3   16   58   80   26  -15  -66  -63
1886 -115 -121  -82  -61    9   26   60   57   30  -19  -45  -86
1887 -129 -144 -112  -44   -2   37   65   61   27  -10  -28  -81
1888  -69  -92  -66  -25   16   63   66   71   26    6  -60  -96
1889 -110  -75  -70  -44   -4   22   71   60   34  -10  -60  -95
1890 -121 -113  -86  -31   -1   39   62   57   22  -16  -65  -64
1891  -98 -162  -71  -64   16   61   60   74   27  -32  -42  -82
1892  -88  -80  -69  -31   12   58   52   59   24   25  -51  -38
1893  -63  -84  -67  -54   -4   42   62   73   53   -5  -21 -108
1894 -125 -138 -108  -70   14   18   68   60   29    2  -70  -94
1895  -43  -39  -43  -32   -2   34   76   61   29   12  -58  -78
1896 -108 -124  -94  -49  -21   35   52   62   23   13  -62 -104
1897  -92  -97  -62  -81  -10   53   58   56   34    2  -49  -78
1898 -124 -167  -78  -51   -5   33   44   41   12  -21  -76 -114
1899 -107 -107  -69  -34    7   47   60   60   30  -24  -61  -88
1900 -105  -53  -33  -56   16   55   78   75   27  -12  -62 -100
1901 -104    9  -62  -56    6   35   62   55   27  -19  -23  -60
1902  -95  -62  -93  -41   14   57   62   70   41   -4  -53  -98
1903  -93  -98 -125  -42  -11   33   58   62   43    7  -25  -34
1904 -108 -100 -101  -86    0   53   64   76   21  -35  -35  -46
1905 -124  -87  -63    1   11   28   62   63   26    9  -26 -102
1906 -119 -142  -77  -72   15   42   44   73   39  -17  -58  -84
1907 -107 -115 -140  -58    9   26   56   69   24   -5  -49 -100
1908 -103 -102  -75  -14   -3   31   82   60   48  -21  -35  -80
1909 -124  -90  -18  -28   19   60   60   56   42  -23  -33 -104
1910 -104 -143  -94  -31    1   24   66   77   24  -10  -53  -64
1911 -112 -137  -75  -32   -8   30   66   74   40    7  -37 -104
1912  -77  -52  -70  -24    3   52   56   62   40  -15  -37  -76
1913  -95  -71 -107  -53   -3   49   54   48   35   -7  -80 -108
1914 -118 -102  -80  -50  -19   10   44   49   22   -7  -40 -120
1915 -113  -91  -50  -54   22   36   68   64   55    0  -12  -36
1916  -75  -85    2  -38   29   53   62   76   55  -12  -31  -32
1917  -13  -43  -52  -28   11   48   84   78   29  -23  -53  -74
1918  -70 -127  -93  -82   -5   13   58   57   36  -14  -66  -84
1919  -82  -82  -53  -52   10   17   64   61   31    8  -25  -58
1920 -113  -97  -99  -21    0   50   60   46   23  -11  -74  -74
1921 -108 -129 -112  -61   12   30   56   65   29  -12  -25  -88
1922 -114 -151  -65  -12    8   10   52   64   21    4  -35  -60
1923 -113  -46  -64  -21   25   52   68   59   31    2  -25  -52
1924  -62  -66  -46  -18   31   66   70   67   32  -17  -34 -108
1925 -107 -123  -58  -58    3   32   62   56   41    4  -17  -20
1926  -60  -68  -70  -28   29   65   76   67   32   16  -42  -44
1927  -70  -90  -78  -32   27   54   62   71   53    1  -28  -42
1928  -81  -97  -32  -19   37   64   78   84   55    4  -21  -48
1929  -16  -49  -34    1   37   60   82   77   33   -7  -46  -84
1930 -101  -87  -28  -20   26   45   70   66   61    1  -38  -68
1931  -46  -77  -93  -48   31   63   80   84   63   -4  -68  -74
1932 -107  -35  -11   -9   41   55   86   72   45    5  -42  -88
1933 -112  -48  -65  -24   25   43   82   79   37   -1  -27  -60
1934  -87  -91  -88  -11   -2   51   88   72   36   -2  -22  -46
1935  -95 -101  -51   -5   45   62   80   76   59   -7  -45  -52
1936  -31  -35  -51  -15   22   51   94   71   47    1  -28  -92
1937 -122  -92  -18  -61    1   45   66   63   38   -8  -10  -62
1938  -97  -94  -93  -51   12   35   52   60   38  -21  -57  -88
1939  -47 -100  -78   -8   20   58   82   63   49    7  -36  -46
1940  -62  -35  -44  -10   16   46   72   50   25   -2  -39  -46
1941  -36  -44  -20   -7   28   61   74   83   46   20  -38  -68
1942  -74  -45  -54  -49   26   59   80   76   37  -15  -16  -44
1943  -25  -91  -99  -62    1   36   66   58   34  -18  -36  -46
1944 -100  -72  -65  -23   -2   47   66   75   28  -10  -59  -88
1945  -50 -123  -60  -69   10   52   60   60   29   11  -34  -26
1946  -90  -52  -35  -50   26   50   60   65   37    8   -9  -24
1947  -50  -10  -21  -32   22   68   72   60   37   -7  -21  -26
1948  -69  -77 -107  -41    2   67   90   74   41  -12  -43  -92
1949 -105 -136  -77  -91    5   60   80   66   29  -19  -41  -64
1950 -114  -99  -44  -36   22   59   74   67   33  -17  -38  -22
1951  -77 -108  -56  -44   15   61   66   62   52  -15  -24  -84
1952  -87  -69  -82  -39   24   45   64   68   45    3  -16  -26
1953  -80  -60  -89    4   32   40   72   66   37  -15  -54 -120
1954  -67 -101  -48  -34   30   40   62   70   43    1  -50  -90
1955  -87  -40  -38  -47   20   52   44   59   32   14   -5  -38
1956 -104  -72  -49   -4   -1   36   62   75   37  -12  -56 -114
1957 -114  -68  -47  -23   16   64   68   73   54  -11  -31  -64
1958  -81  -45  -54  -43   17   57   85   74   43   -4  -40  -30
1959  -32  -95  -96  -18   25   43   66   63   33   -4  -36  -75
1960  -55  -62  -83  -44   18   47   78   91   43   34  -16  -53
1961  -61 -110 -103  -23   11   53   70   68   36    2  -39  -32
1962  -68  -79   -9  -29   25   49   70   69   43    0  -28  -48
1963  -36  -30  -63  -16   -9   38   61   72   21  -26  -42  -23
1964  -49  -34 -119  -38    5   36   55   72   55   -7  -38  -56
1965  -76  -32  -36  -31   32   51   83   71   39   -4  -15  -59
1966  -71  -42  -74  -25    6   35   74   76   47   32  -27  -71
1967  -36  -96 -116  -68   17   32   65   60   31  -18  -46  -61
1968  -77  -50 -104  -18   22   41   77   50   36    1  -36  -49
1969  -41  -35  -58  -41    8   34   52   51   18  -10  -28  -69
1970  -67  -63  -42  -35  -13   27   50   51   33   -6  -39  -60
1971  -74 -116  -62  -44   -2   45   75   56   29   -9  -40 -129
1972 -130  -89 -118  -46    2   15   44   49   36   -7  -55  -76
1973  -64 -113  -90  -18   -4   33   66   66   45    1  -16  -49
1974  -82  -67  -60  -45   18   58   74   69   36    7  -40 -115
1975 -106  -74  -69  -31   17   46   64   70   28    3  -35  -69
1976  -80 -107 -109  -41   14   44   66   47   44  -13  -29  -32
1977  -29  -51  -41  -22   20   48   85   70   29  -11  -13  -59
1978  -87  -48  -93  -28   -6   27   72   65   40   -9  -64   -1
1979  -44  -46  -72  -14   21   38   67   67   38   -2  -58  -73
1980  -24  -66  -53  -56   14   36   66   64   38    4  -23  -57
1981  -63  -86  -57  -39   -1   43   69   50   40  -10  -47  -39
1982  -48 -130 -109  -46   -5   32   55   49   13  -16  -60 -100
1983 -187 -128 -129  -43   -7   36   50   39   22  -21  -53  -68
1984 -191 -197  -81  -76   -6   32   74   44   26  -22  -36  -99
1985  -25  -67  -59  -26   30   56   68   63   46  -10  -18  -12
1986  -52   -6  -99  -36    3   30   69   71   50  -25  -73  -84
1987  -74  -86  -87  -63    4   62   60   80   43   -9  -36  -65
1988  -80  -47  -50  -38   -2   37   60   66   34    5  -25  -69
1989 -111 -126 -139  -43  -11   23   51   49   14  -19  -24  -48
1990  -96 -115  -91  -72  -10   39   69   54   31   -6  -12  -88
1991 -107  -95  -68  -57    0   46   83   59   39   -9  -58  -63
1992  -69 -177  -78  -61  -32   11   54   48   24   10  -56  -95
1993 -153 -134 -144  -65  -18   37   69   56   40   12  -65  -95
1994  -82  -87 -120  -29   21   29   53   52   21   -3  -39  -96
1995 -108 -101 -127  -20   16   46   69   50   39  -13   -6  -55
1996  -72  -62  -54  -11   27   32   51   54   35  -18  -37  -40
1997  -50 -122 -101  -47   15   65   60   54   34    9  -22  -44
1998  -52 -126  -77  -20   12   58   72   66   43   -7  -44  -44
1999  -95  -98  -60   -4  -14   31   67   67   29   -3  -41  -48
2000  -68  -96  -89   -3   -3   50   70   65   41   -7  -25  -33
2001  -93  -78  -56  -19   12   53   62   72   47   11  -28  -27
2002  -66 -115  -89  -44   29   45   63   60   47   -4  -18  -39
2003  -21  -98  -59  -33   19   58   79   84   58   28  -28  -26
2004  -52  -50  -88  -32   28   51   61   73   38   15  -13  -79
2005  -83  -34  -25  -14   15   53   76   68   35   -6  -12  -40
2006  -95  -43  -25  -33   22   46   76   72   51   12  -47  -61
2007  -64  -25  -75  -46    4   57   85   92   35   -6  -32  -83
2008 -111 -125  -82  -13   32   61   95   72   36   -1  -20  -73
2009  -50  -52  -95  -29    2   43   79   75   34   -4  -59  -19
2010  -35  -10  -37   -7   51   67   80   95   68   28   13    1
2011  -49  -86  -86  -86    2   54   84   69   34  -19  -55  -69
2012  -79  -75 -107  -19   28   81  104   86   55   27  -28  -57
2013  -54  -71  -28   -6  -10   48   77   72   40    8  -36  -76
